backgrounds/bg_desert.xml
16 16
17  2  4  6  2  6  4  4  6  8 10  4  4  6  8 17
17  3  5  7  3  3  3  3  7  9 11  3  3  7  9 17
17 17 17 17 17 17 17 17 17 17 17 17 17 17 17 17
22 17 17 17 17 17 17 17 17 17 17 17 17 17 17 17
22 17 17 17 17 17 17 17 17 17 17 17 17 17 17 17
24 17 17 17 17 17 17 17 17 17 17 17 17 17 17 13
22 17 17 17 17 17 17 17 17 17 17 17 17 17 17 17
23 17 17 17 17 17 17 17 17 17 17 17 17 17 17 15
24 17 17 17 17 17 17 17 17 23 15 17 17 17 17 14
22 17 17 17 17 17 17 17 17 24 17 17 17 17 17 17
23 17 17 17 17 17 17 17 17 17 17 17 17 17 17 15
24 17 17 17 17 17 17 17 17 17 17 17 17 17 17 13
22 17 17 17 17 17 17 17 17 17 17 17 17 17 17 14
23 17 17 17 17 17 17 17 17 17 17 17 17 17 17 17
23 17 17 17 17 17 17 17 17 17  6  6 17 17 17 13
23  6  6  8 17 17 17  4  8  8 17 17  6  4  4 13
